100 100
128 512 2 64 2 512 2 64 2 4 32 32 256 8 32 4 4 2 8 32 512 4 2 128 128 1 512 1 4 512 512 2 128 64 512 128 256 2 32 64 8 64 8 2 512 128 128 1 512 64 4 32 2 512 256 256 32 1 16 512 2 1 1 4 64 16 512 8 512 8 4 256 4 1 16 16 256 2 8 256 256 128 4 4 512 32 512 8 8 512 8 32 16 4 512 64 8 8 32 64 
163
950
36
593
547
416
21
572
717
835
758
823
865
332
333
359
763
856
116
647
164
931
164
657
604
194
145
329
460
616
655
987
335
645
394
432
506
338
405
832
155
590
588
662
442
51
974
841
982
700
144
381
880
645
887
940
633
918
736
752
835
848
837
497
244
825
758
241
611
78
616
403
366
208
883
123
502
877
501
745
352
461
96
591
842
104
172
652
93
94
570
802
127
193
456
487
653
963
236
36
