500 500
4096 8 16 16 2 1024 262144 524288 128 65536 16384 8 32768 16384 65536 256 4 128 256 4 2048 256 524288 32768 524288 32768 8192 32768 64 4096 1 8192 8192 65536 8192 128 131072 1024 16384 64 2048 16 16 8 128 32768 1024 131072 4 131072 8192 8 8 262144 4 2 16384 256 131072 4 16 16 64 32 16384 4 131072 131072 4096 2048 1024 4096 32768 131072 8 8 16384 2048 262144 1024 512 32768 1024 65536 32768 131072 16 64 16384 256 2 32768 65536 4 32768 2048 131072 32768 32 131072 64 262144 4 524288 1 131072 65536 2 131072 32768 65536 16384 64 16384 262144 524288 64 512 8 256 64 16384 8 65536 64 4096 512 16384 262144 2 2048 8192 65536 4 1024 8192 32 1 2 2048 32768 2 131072 16 64 262144 8192 2 131072 524288 8 8192 8 32768 262144 32 32 4 131072 16 16384 1 256 8 16384 256 16384 1 524288 512 2048 128 512 128 128 524288 1 512 128 32 65536 64 64 1024 1 64 262144 4096 512 8 256 2048 131072 16384 8192 16 8 32768 64 1024 1024 16 8 128 1024 8192 16 4096 2 131072 65536 8192 64 128 512 524288 64 128 2048 128 256 524288 16 4096 64 512 1 1 1 128 2048 2048 8192 512 2048 65536 16 512 262144 8 512 32 1 8 2048 1 65536 256 256 4 512 65536 2048 64 128 128 4 32 2048 8 4096 4096 32768 8192 65536 65536 131072 8192 524288 32 128 4096 8 262144 524288 1 1 128 2048 4096 2048 256 256 512 131072 32 2048 256 16 65536 8192 256 1 2048 2048 4 8192 64 16 4096 16 131072 131072 8 2048 1024 2 16 512 1 2048 131072 262144 65536 1 32768 128 16384 4 1024 131072 4096 512 8192 1 32768 4096 4096 131072 524288 128 8 2048 32768 262144 32768 4 8 1024 2048 8192 512 1024 512 4 32768 16384 131072 65536 16 64 32768 16 512 32 256 8 4096 16 2 32768 32 65536 8 32768 32 2 262144 4096 512 2048 256 131072 1 262144 131072 524288 2048 65536 8192 4 1 8192 512 16384 2 4096 4 512 524288 8192 262144 32 16384 262144 1 512 16384 32 4 65536 16384 64 32 32 2 2 16 1 1024 128 32 131072 4096 4 8192 524288 64 262144 524288 4096 524288 131072 4 524288 8192 131072 1024 1 524288 65536 4096 524288 512 256 256 65536 1024 131072 1 4 65536 256 1024 4 32768 131072 8 262144 32768 524288 262144 131072 65536 262144 524288 64 32768 512 65536 8192 32768 2 2048 16 2048 4 262144 16384 8192 8192 8 256 524288 8192 65536 131072 64 1024 16384 256 512 524288 1 32768 32768 32768 32768 1024 8 16384 4096 65536 64 4096 2 16 32 524288 8 
8689
7569
5230
8466
4995
4542
2236
3800
344
4645
7709
3722
8809
8171
5081
495
7245
1
6314
8135
4699
603
8926
4930
6221
7304
9121
8860
866
3535
3253
8150
6626
4294
8008
8959
5996
2479
3962
5975
2842
2837
310
1698
3609
3815
5084
6487
6562
6445
1464
7038
8298
4016
572
6963
7090
7281
1740
5053
9339
692
7760
78
3330
6610
1092
699
7545
3774
2948
3733
1553
6316
6750
7929
710
2636
442
7339
7089
2823
2692
5496
6438
4908
993
7111
6508
7229
7045
2189
6084
8373
3034
4000
3167
9966
8848
1820
2604
3907
5371
5079
9611
9361
2941
95
1112
2120
8078
5561
1144
249
1704
4632
6335
2777
2959
9302
7184
9228
8927
3309
2399
9632
9990
6864
8857
7524
9389
2248
2818
4129
2754
4811
3789
1542
6229
2137
7483
751
3378
8508
3077
8842
5149
2474
6167
8146
7118
350
3266
6410
2841
3271
3440
1585
5970
893
258
6253
2237
3659
1888
4178
8449
7141
1467
7321
5514
9049
5621
869
7203
6764
3914
6001
6850
9118
4135
5393
9300
5572
5503
2793
4421
8240
9738
6046
7897
6716
3958
435
1164
2197
3470
7269
2630
8721
8414
7048
7692
4974
3733
8844
5368
9445
5123
6460
425
7198
7503
6801
19
8574
7843
2791
4929
5912
4840
675
353
1407
9555
7402
697
5841
8335
9910
2729
4832
6678
374
243
9782
4169
6428
5353
9467
9304
6236
3593
6012
2682
1221
2309
2471
2883
2894
7369
6592
7774
274
7034
8182
67
9642
2798
6567
8908
7692
5720
4299
488
2290
1883
1145
5056
3881
6957
5946
3345
244
5975
6072
9430
1901
9684
9187
2193
7769
4003
6820
6809
673
2803
5587
914
2509
4068
7138
9381
1887
8097
2922
8980
6846
277
334
4834
4513
4967
7697
5144
2652
2463
6818
205
1324
6544
5412
720
3652
1367
6877
916
5870
3172
4807
1862
2762
8953
770
3968
65
9434
7925
5483
6914
2113
8969
8341
1148
9069
6548
9939
8841
2472
8612
1015
9842
7047
4788
8894
5042
5800
4688
5037
1001
8146
5599
5641
3671
6507
5101
1841
8657
9521
8042
5967
1664
5488
5577
6945
1032
5648
2572
9890
4674
3846
9112
2510
7144
5511
5423
9840
5501
4429
9883
9376
4542
6975
8019
6969
1419
2380
9445
5377
9053
9365
5262
8751
3746
6584
658
832
9671
2086
3617
7123
4009
1486
1734
9336
5460
6224
8901
6410
4445
7906
4577
839
6256
4765
1220
6524
2924
8165
5798
8413
1626
3227
9796
9379
9112
5195
3143
7294
1311
8474
3099
3086
4017
8998
6074
1014
4283
6355
2060
1461
2100
8965
7944
5173
3394
6028
7801
7014
508
4580
3478
4471
8104
6201
1174
582
3273
9195
7030
6346
2736
1518
8410
5629
8541
6753
2856
9908
9973
5622
7524
7599
6396
968
9659
17
3238
6409
7096
1087
9493
8374
1007
7514
4878
5719
9600
2508
2350
6304
8544
1328
5266
7481
2699
9268
2271
7874
9478
