1000 1000
16384 16 524288 2 8192 8 4 256 262144 16 16 16384 512 1024 16384 16384 262144 524288 256 4096 16 16384 16384 65536 1 2048 32768 524288 262144 4 2048 2048 512 131072 16384 131072 2 131072 2 64 1 32768 8192 32 1024 32768 8192 64 4 16 8192 4096 65536 32 32 64 2 524288 4 512 8 8192 524288 8192 512 2 1024 65536 64 4096 512 2048 8192 8 65536 64 16384 64 65536 524288 32768 2 262144 64 512 512 32 65536 128 4 256 1024 128 524288 524288 16 4096 32 128 65536 32 2048 32768 2048 4096 2 16384 4 131072 256 8 1024 128 1024 256 524288 2048 4 16384 8192 16 262144 1 256 8 8 1024 1 1 2 65536 4096 256 2048 8 32768 2 32 64 524288 16384 131072 32 4 4096 1024 8 4 16384 4096 4 16384 8 16 2048 1024 131072 1024 512 131072 4096 65536 1024 512 256 256 256 524288 256 128 16384 65536 8 256 8 128 65536 32768 4 16 262144 1024 8 16384 256 8 16 1 2048 65536 16 4096 2048 65536 256 8192 262144 262144 32768 512 2 16384 8 262144 32768 524288 16 16384 32 2048 131072 4096 2048 4 2 512 524288 8192 16 8 8 512 64 131072 32768 128 128 524288 512 512 32768 2048 4096 256 2048 256 2048 65536 8192 16384 262144 32768 8192 4 2 1024 32 65536 4096 16 8 4 32768 1 128 16384 128 16384 262144 32768 1 32 2 1 512 524288 262144 16384 2 16 16384 128 2048 128 4 64 4096 8 128 2 32768 131072 1 512 2 524288 8192 2 128 512 64 8192 512 32 16 256 65536 256 16 4096 4 32768 16384 1024 256 128 128 8192 65536 512 1024 262144 16 16 128 16 128 4096 2 512 2048 2048 524288 1024 8 16384 8192 256 512 8 256 524288 262144 1 8192 512 512 524288 8192 16384 512 524288 128 32768 128 8192 2 65536 256 16 4 128 8 64 1 1024 64 16 128 32768 65536 1 1024 262144 262144 8192 16 524288 4 16384 128 16384 1 128 131072 32768 32 1 4 8192 16 32768 262144 1024 8 65536 8192 32768 32 2048 65536 64 1024 64 32768 2 1 256 524288 8192 128 131072 4 32768 2048 128 512 262144 65536 4096 64 2 8 8192 8192 262144 128 4 2048 128 262144 32768 8192 8 32 262144 8 512 8192 262144 512 32 256 1 4 8 256 65536 262144 4096 16384 64 524288 1024 32 512 65536 2048 524288 1 262144 8192 1 524288 256 256 524288 32 131072 2 16384 32768 524288 262144 131072 128 64 64 131072 4 32 4 32 1024 256 8 64 2 32768 4 128 4 64 1024 524288 2 131072 8192 16384 1 64 512 4 128 16 1 2048 4 16384 262144 16 256 8192 524288 8 256 128 256 262144 2048 131072 1024 1 8 16384 256 1 8 2048 1 65536 16384 512 1024 4096 32 32 4096 65536 256 4096 512 4096 65536 65536 128 16384 16 131072 4 512 1 128 128 65536 131072 1024 8192 32 512 32768 128 2048 64 8 2048 16384 32768 4 131072 512 4 2 1024 65536 256 524288 32768 1 2 8192 65536 32768 8 1 16384 2 262144 8 8192 128 32 2 262144 8192 2048 32768 16 8 2048 4 128 32768 65536 65536 1024 64 131072 256 32 1 4096 32768 524288 131072 1024 8192 262144 8192 2048 8192 128 64 262144 4096 524288 32 1024 4 16384 8 1024 131072 128 1 262144 2048 4096 2 128 32768 65536 32 4 131072 2 8192 128 32 8 4 16 32768 128 2048 2048 65536 1 32768 8 1 128 1024 1 131072 16 4 4096 1024 256 512 1024 8 512 2 16 4096 256 32 32768 8192 16384 1024 256 32 131072 16 512 64 1 32768 262144 4096 16384 2048 1 8 64 1 2 4 16384 4 512 131072 4 524288 32 128 16 524288 1024 32 262144 128 8192 131072 1024 128 16 262144 1 131072 128 1024 65536 2 8 16384 16384 32 128 2048 8 65536 1024 2 16384 2048 256 16 128 2 1 16 128 65536 8192 131072 2 64 65536 2048 2048 512 32 256 2048 8192 4 65536 32768 32768 1 256 64 32768 32768 4 4 2 65536 2048 524288 32 512 262144 16384 2 32 32 64 32768 65536 1024 32 32768 131072 256 16384 65536 128 32 32 131072 8192 131072 256 128 512 4096 256 2 262144 32 1 2 4096 131072 262144 2 131072 16384 8192 8192 262144 16384 64 8 8 1024 512 1024 2048 262144 16 2048 262144 1 65536 256 1 16 8 4096 262144 1024 1 1 32768 16384 8 64 16 65536 2048 128 16 65536 8 32 8 8 512 8 131072 2048 512 32 16384 16384 4 2048 128 4 65536 256 16 2 8192 4 1 16 131072 128 65536 1024 16 8 32768 4096 128 2 512 16384 512 16 128 32768 2048 128 262144 16384 262144 64 16 32 32 1024 2048 2048 4 1024 2048 131072 8192 32 524288 65536 4 65536 128 2 262144 16 1 16 4 524288 32768 4 8 32 2048 64 8192 32768 131072 64 8192 128 131072 2048 16 1024 4 131072 1024 16384 1024 2048 128 64 8 128 32 256 4 512 64 262144 16384 262144 65536 128 128 64 16384 16 524288 2 4096 131072 256 16384 64 131072 4096 2 32 2048 2 8 262144 32 32 8 32768 262144 32 4096 524288 128 256 1 4 8192 64 8 32 524288 16384 2 32768 131072 2 1 1 524288 1 8192 16 4096 256 1 1 8192 524288 512 4096 
5209
6131
31
8089
480
7123
5047
4829
2486
1614
2419
9258
7543
1504
1722
3833
6974
8360
3907
5949
1310
2893
4962
6184
5508
217
7433
5721
516
6770
4715
4645
6069
1066
110
7884
9391
8209
7968
4753
9698
5046
2908
4694
8547
4192
9611
6006
7561
4429
1059
4120
5986
6971
9007
8274
4764
6418
467
7249
4628
2064
6173
834
3440
1868
449
9886
7685
4117
2247
679
3498
1263
7857
9708
192
5246
8340
5442
769
4427
6242
3531
7056
2130
2768
4894
5489
2263
5601
8447
330
9310
4068
9643
8021
6356
2343
4923
4522
7494
6859
1663
4388
2467
1638
6104
3613
4697
6875
6839
3778
2887
172
4018
6636
42
5441
6902
6910
6966
8693
624
4259
1181
1006
9030
6100
158
5197
4531
7240
7571
3730
5672
7730
6700
398
6459
5184
848
3128
2353
5673
6225
2365
7883
3542
3281
2899
5691
5629
3559
1593
5242
6214
6107
2979
4923
1798
1303
7145
386
4103
8258
7653
4003
4882
374
6773
1034
4448
6673
8675
4080
6908
280
54
4416
4565
325
6336
8143
4791
9966
8848
1683
8177
6770
9915
738
6606
3343
4510
4796
8655
289
154
9624
6209
8841
3643
4723
451
2348
9782
4108
5022
6270
1133
7241
496
3540
4218
5502
9870
3513
3595
3610
5977
3634
7664
5484
3710
6057
1999
5639
5968
4684
8586
2432
7130
7113
5854
5793
1638
3753
3671
4792
73
4008
8039
7781
8261
4055
8118
1886
734
9230
504
9825
6371
9529
7686
5816
3643
4213
2326
7233
5352
2678
5286
2950
9737
7412
6142
1220
7483
8263
4728
4514
8633
4256
5892
3813
8532
7844
2984
9242
7493
4943
5721
4679
1191
3847
9131
8640
492
5510
446
512
6397
5200
3344
5812
2438
1470
261
3085
9109
7453
6455
6147
1808
285
5392
3795
8437
9098
667
1578
6527
4286
8512
8664
1036
1034
2955
6216
5747
1590
9110
6444
6311
5494
6689
7371
2613
7719
4385
3572
1014
4007
1740
2289
8917
2679
4359
9303
8366
3811
5503
117
9062
6671
5310
3636
1404
17
1604
1900
919
6882
2496
7377
4334
2533
653
7602
9701
8061
6127
738
4368
9473
6435
2988
7526
4051
7661
3827
7529
3903
2065
2891
2002
6722
2582
6078
3316
4220
20
5117
836
8004
3828
3127
2906
286
6733
7585
1781
4778
3287
9482
8512
3387
1586
620
5968
4299
4231
7541
4408
6916
5879
4854
7625
3077
9068
7292
3442
3986
6379
6408
4139
1575
9452
6040
7365
7167
451
6469
455
524
9664
6068
1752
1348
3437
3073
4115
4476
543
9203
7407
5282
8518
4165
459
7172
2916
7235
3799
9215
6915
255
4296
5916
2849
8008
7783
7627
7352
185
621
6867
8334
8655
1769
9087
6544
8433
697
8498
2020
6819
5730
4604
5010
7130
3686
1705
6680
8091
2580
4331
84
4440
7256
2083
4844
9002
4808
1549
9700
5977
5199
1443
4763
2052
445
3862
2257
9866
6102
4893
8940
1839
7513
2724
8356
8324
695
9142
2233
4018
5493
8104
1038
4247
1752
4003
695
3482
2718
1375
42
8716
1077
7840
9093
4521
4216
9560
7546
8360
6441
4284
7347
6047
1409
983
3162
7389
7634
8373
6692
9001
4647
2928
105
7726
5970
1972
6755
8165
3687
6537
4542
5503
8565
9614
9950
1933
3475
4442
2213
5875
3094
2015
3085
3721
8647
875
3483
9037
6052
620
421
2152
5542
115
3185
9989
9911
3137
3085
197
6350
8977
7621
3772
4146
5305
8230
8684
6420
9324
5182
773
3498
8883
7006
730
7523
2250
1581
7448
1391
8655
2602
9486
2667
1915
3696
6885
4394
6206
7525
6566
9419
1994
9277
8364
7223
6317
8855
3621
1748
906
5039
9184
7605
4356
3779
3307
4341
2612
3003
1759
6449
6852
31
7939
2722
9341
5692
4405
4219
8628
2736
730
1951
3125
6335
6003
9022
6758
5371
1930
7473
4440
768
8725
1363
8223
8544
532
497
7231
3015
8974
5196
9089
2315
2847
528
2047
3947
3301
465
1127
9753
9693
2890
8000
4837
6576
6937
6794
1951
9510
2991
669
211
3712
8652
6716
3630
6451
6275
109
3958
2284
4462
3561
2655
389
260
4932
385
5083
4753
9320
4150
1015
522
7350
3330
261
152
6835
2241
3628
8583
184
3348
9412
4793
6888
2537
6120
6929
3539
6278
433
2927
391
2337
8243
6264
5230
9672
8907
1681
8635
2076
2370
3237
2600
8507
7755
7005
7883
96
448
3589
6427
2677
7783
7342
2721
2473
8429
1913
5283
1739
921
817
7509
6805
2902
2005
7681
8850
8961
538
4691
5148
8468
1467
376
5682
3093
5036
2310
1340
7759
5376
8120
9388
9841
562
2486
4412
8834
2425
9682
6566
7502
4326
8957
325
7068
5472
2889
6587
1229
1745
7922
9268
5535
3488
7297
5320
4807
8502
1600
5847
8910
2276
7987
9813
5616
9791
2985
2596
4129
7903
7530
9243
8585
4930
6257
7110
1145
2309
9296
8705
7860
5672
7365
5934
1767
9480
5862
4285
7828
586
7723
381
2825
4559
6279
6328
7210
3099
441
9194
2654
2639
369
707
7926
773
1725
935
2850
3771
2514
278
8743
8466
8058
9656
62
4085
2661
6694
447
1674
781
768
6633
9834
7885
4455
7823
2135
8926
1446
6138
9090
9819
8800
5892
539
2285
3364
4761
8000
2483
5654
2462
9598
70
4827
468
2411
289
5719
6240
1098
3688
5872
2348
49
951
7982
5583
3019
8493
3279
5902
5327
6214
2615
5271
2113
5297
422
2455
5773
1120
6103
5585
8268
5585
4048
9061
9828
3267
3015
3096
8348
6794
3467
1121
9525
5527
8810
3296
8242
2320
7387
2188
1710
1673
552
3379
6109
9529
5166
6128
5022
7541
9143
5100
4705
3102
4647
9057
3434
217
4738
7976
2593
620
4558
8058
1830
5795
3944
3338
2100
412
6474
9512
5849
8032
4470
8914
2730
6253
2066
1098
3018
6129
5838
6683
5760
6855
6389
584
5071
3993
4123
7254
