7
7
7
4
6
8
6
7
4
5
8
6
6
11
8
8
7
1
6
10
7
6
8
5
6
5
6
6
5
9
7
10
7
5
7
10
8
8
9
9
6
6
5
5
6
9
8
8
6
7
6
10
5
7
5
8
8
7
6
9
8
5
6
4
4
7
3
7
9
9
5
7
4
6
8
10
5
5
6
8
8
6
4
7
6
6
6
9
7
8
7
5
7
6
8
6
8
9
4
6
5
7
9
9
7
5
9
6
4
3
9
8
5
6
5
4
9
7
8
6
4
4
9
8
8
5
6
6
6
7
7
4
4
3
5
7
8
4
6
5
9
8
6
6
4
5
6
6
6
9
9
6
5
5
6
7
6
5
7
8
2
7
7
7
5
4
3
9
8
7
6
7
9
6
6
7
7
8
6
8
5
5
5
6
10
7
5
3
5
9
9
7
9
6
4
5
7
7
5
4
7
6
6
8
7
5
7
7
4
7
5
7
9
6
3
8
8
8
5
6
6
5
4
9
7
8
6
7
6
8
6
5
6
6
6
7
4
6
7
9
5
6
5
9
7
5
4
7
6
7
7
5
9
3
9
11
3
7
8
8
6
6
6
6
5
6
8
6
5
7
8
8
5
5
9
8
7
8
7
8
4
8
8
6
7
4
8
8
5
7
8
8
6
9
8
7
5
9
4
5
6
5
8
6
4
6
8
6
5
5
5
5
4
5
7
9
5
9
5
7
6
6
8
3
5
2
7
10
8
5
3
5
5
6
8
6
8
5
5
5
9
7
8
6
8
7
6
4
8
7
9
10
5
8
8
9
6
6
6
9
9
3
6
7
6
2
4
4
6
4
6
6
7
8
7
8
6
9
6
8
4
8
10
9
8
6
5
7
4
8
6
6
7
6
7
4
3
8
4
5
9
8
7
6
6
6
4
6
5
7
8
6
6
5
7
4
8
7
10
7
7
6
7
5
6
6
6
6
9
7
5
6
5
8
6
9
8
7
7
3
7
4
5
6
6
5
7
9
8
7
6
7
8
8
6
5
4
6
9
9
6
5
8
6
10
7
6
5
7
9
9
7
10
8
5
9
2
6
5
8
7
6
6
9
8
6
8
4
6
6
4
4
4
5
8
6
5
8
7
5
